5165.723355343465	5326.454959688752	5496.752444786984	5496.752444786984	5588.389844877336	5588.388918293023	5588.393019532158	5588.378759356602
7648.478460634746	7565.790117044564	7694.930313817874	7694.930313817874	7684.704412432111	7719.5150135430995	7719.5150135430995	7719.5150135430995
2151.9318763483298	1846.859546212234	1846.859546212234	1846.859546212234	2065.6783936383295	2065.6783936383295	2065.6783936383295	2065.6783936383295
8580.917833517447	9372.780035335789	9373.250104579856	9373.250104579856	9367.781837506158	9365.153393006387	9365.15339300638	9365.153393006369
4628.789980074604	4765.8612148042275	4793.1694747384	4793.1694747384	4670.668461158187	4670.668503315585	4670.668503315585	4670.668503315585
5973.640691546269	6636.663290638034	6669.614284724259	6669.614284724259	6542.384215341362	6542.384215341362	6542.384215341362	6542.384215341362
9275.429265321696	10050.823975000836	10058.310154625033	10058.310154625033	10039.760156834898	10036.844707219341	10036.844707219341	10036.84470721934
4676.557777831974	5263.646099422793	5335.361550105898	5335.361550105898	5649.573094926072	5662.45270937579	5662.4527097332175	5662.452710216496
6958.617903270143	6777.954464653207	6966.541639865095	6966.541639865095	6806.688407233441	6737.523003975438	6737.523003975438	6737.523003975438
9264.520857827261	9432.174097165765	9432.174097165767	9432.174097165767	9414.703589766681	9407.74313145303	9407.74313145303	9407.743131453031
7085.88137160775	7351.530107643656	7366.028179571428	7366.028179571428	7309.169971798351	7309.170340600614	7309.170340600614	7309.170340600614
8280.714546510422	8504.492650289858	8450.627749566725	8450.627749566725	8450.314745830186	8450.296297209079	8450.296297209079	8450.283485533546
8451.08261551666	8527.231965415855	8527.231965415855	8527.231965415855	8527.231965415855	8527.231965415855	8527.231965415855	8527.231965415855
3633.967535358698	2686.24863565114	2573.549256877627	2573.549256877627	2638.6905607429385	2638.1565327236012	2638.1565327236012	2638.1565327236012
8506.482602716222	9547.57025996093	9547.570259960932	9547.570259960932	9499.470135647949	9492.104361401616	9492.104376522857	9492.104396968403
6530.674358790403	6907.440270354847	7048.28748395757	7048.28748395757	7048.304329475245	7048.308530682008	7048.306958530283	7048.304210332348
5666.99675022661	6006.1082762592705	6107.267541376778	6107.267541376778	6219.566698247584	6236.379877148467	6236.379877148467	6236.379877148467
4554.196769523376	4235.3438796741175	4176.791227431604	4176.791227431604	4176.764112178813	4176.791796516624	4176.785013502378	4176.7919913396045
7538.820571755115	7535.139317684684	7535.139317684684	7535.139317684684	7492.503141260709	7492.503141260709	7492.503141260709	7492.503141260709
8970.989327143123	9840.884476729545	9840.884476729545	9840.884476729545	10259.664586776165	10264.073949612757	10264.073949612757	10264.073949612757
8429.349553315596	8953.73465735903	8953.73465735903	8953.73465735903	8953.73465735903	8953.73465735903	8953.73465735903	8953.73465735903
2840.142770453497	2384.472666866012	2240.277908786214	2240.277908786214	2180.41010362728	2131.478202839106	2131.4782028391087	2131.4397152028528
2154.519329178085	1709.5189704101094	1556.6916109774033	1556.6916109774033	1552.4860327331091	1527.4268166199881	1527.4273071211312	1527.4279703315044
8906.957857320751	9794.74520041735	9794.745200417346	9794.745200417346	9721.260021819677	9721.904269900151	9721.904269900151	9721.904269900153
6783.2999719263335	7610.255545356955	7610.255545356955	7610.255545356955	7652.302027004867	7652.302027004867	7652.302027004867	7652.302027004867
765.3490507669803	618.5721689065767	558.7054639076299	558.7054639076299	567.366833180529	577.8056583766554	577.805658426417	577.8056584936994
6743.745347652652	7579.762202941248	7632.196648461595	7632.196648461595	7542.209613465648	7500.459821350881	7500.459821350881	7500.459821350881
8087.418750942716	8406.002280609719	8406.002280609719	8406.002280609719	8335.914805390465	8335.914805390465	8335.914805390465	8335.914805390465
7406.783307237929	6870.762033497395	6870.762033497395	6870.762033497395	6587.9481739959865	6489.793636410445	6489.793636410445	6489.793636410445
7823.44537537617	8143.437807046389	8143.437807046389	8143.437807046389	8103.046105814174	8103.046105814174	8103.046105814174	8103.046105814174
8325.812615920211	9146.282251702694	9146.282251702694	9146.282251702694	9645.610776371639	9652.301726511396	9652.301726588663	9652.301726693135
7165.09754704196	7929.687332439383	7929.687332439383	7929.687332439383	7995.7470439933495	8017.081470691074	8017.081470691074	8017.081470691074
4324.124948268227	4010.14660472208	4010.14660472208	4010.14660472208	4035.377463945404	4035.377463945404	4035.377463945404	4035.377463945404
3083.644797386456	2989.0282149853597	2989.0282149853597	2989.0282149853597	3203.6814069588186	3203.6814069588186	3203.6814069588186	3203.6814069588186
4702.899608845194	5179.569377065687	5179.569377065687	5179.569377065687	5158.201187930567	5158.201187930567	5158.201187930567	5158.201187930567
5740.040054572768	7057.659940911307	6595.08084272151	6595.08084272151	7366.250526762411	7374.049374589588	7374.049374589587	7374.0493745895865
5622.100953150808	5541.049273295349	5597.19041376383	5597.19041376383	5138.510698989086	5143.066665582198	5143.066665582199	5143.066665582199
6433.751178484455	6453.867431783175	6640.776071767327	6640.776071767327	6754.464838159937	6888.122356966299	6888.122357014554	6888.1223570798
3968.9621607801846	3721.6008138267775	3645.9521310199166	3645.9521310199166	3685.5138280669617	3709.197862024022	3709.19786204748	3709.197862079199
8955.849992872012	9361.507413445099	9361.507561182989	9361.507561182989	9361.508028316748	9361.508176504922	9361.508173568178	9361.508169595536
3045.9898539539786	3189.8558660154986	3298.0129813418994	3298.0129813418994	3446.7921277040027	3476.857281113139	3476.857281113139	3476.857281113139
3386.169703804714	3047.3199348256894	2898.59997023728	2898.59997023728	2774.98448735189	2705.539742340824	2705.5393394417424	2705.538794678791
7397.104314959451	7780.1839657426	7839.802904754897	7839.802904754897	8009.991811383277	8041.65720925373	8041.657125221624	8041.657011601165
7024.340186736763	7658.571556993175	7881.362401471829	7881.362401471829	7928.905627839143	7912.490323384594	7912.490323384594	7912.490323384594
5104.4782170733615	5401.428074322982	5432.262970195942	5432.262970195942	5554.206384901088	5554.206384901088	5554.206384901088	5554.206384901088
9691.96913491316	10191.24174879479	10195.801076932805	10195.801076932805	10144.835569555684	10138.963081732092	10138.963081732092	10138.963081732094
6608.708577497271	6742.0696961616995	6855.340565495398	6855.340565495398	6848.569973562182	6836.880958845543	6836.881225388598	6836.881585783519
4073.1279431641806	3202.1037219182745	3103.438071100587	3103.438071100587	3142.636704146833	3142.636714710904	3142.636714710904	3142.636714710904
4790.441765860822	5512.200449017086	5609.425103316462	5609.425103316462	5085.062249624193	5097.74137998576	5097.74137998576	5097.74137998576
6153.931225396313	5842.099057839971	6054.726551149734	6054.726551149734	6054.727099063544	6054.733187144061	6054.732325386244	6054.731152763841
2537.404142983432	2167.7498370058365	2047.771722646604	2047.771722646604	2138.5497577707356	2151.285818573642	2151.285818573642	2151.285818573642
7890.596861421379	8152.087297514314	8216.650579144889	8216.650579144889	8350.986793180688	8399.06447391705	8399.06447391705	8399.06447391705
5986.7170148550385	6165.062131602175	6174.39277654607	6174.39277654607	6124.745453228273	6102.396646501421	6102.39664650142	6102.39664650142
8263.791542028659	8297.134258964486	8297.128392170553	8297.128392170553	8297.128390918948	8297.128062779444	8297.128062779444	8297.128062779444
4146.544627698342	4417.896385837573	4524.067704140186	4524.067704140186	4524.067396105351	4524.052494187481	4524.058987825499	4524.067915590716
8529.153841237045	9112.098544556258	9090.154073484484	9090.154073484484	9066.448986968435	9087.344007895088	9087.344007895088	9087.344007895086
3948.167701924178	4141.342473191218	4233.162699275368	4233.162699275368	4316.508826215722	4316.508826215722	4316.508826215722	4316.508826215722
6011.626614545358	7414.762149369549	7461.615834924874	7461.615834924874	7685.2235297647685	7696.15390076983	7696.153900659034	7696.153900509225
9625.50542253262	9916.276357328497	9918.742475901941	9918.742475901941	9829.803653178993	9829.80363961839	9829.80363961839	9829.80363961839
9599.037373878975	10363.750881314407	10363.750822287777	10363.750822287777	10363.82000456978	10363.828064973035	10363.828051879294	10363.828034171243
8109.324977372395	8281.307877375235	8281.307877375235	8281.307877375235	8218.64243841185	8218.64243841185	8218.64243841185	8218.64243841185
4841.212475990414	4988.965805962133	4730.729211832628	4730.729211832628	4821.086068788119	4855.108851735428	4855.108851735428	4855.108851735428
5096.586819778917	5301.937444159587	5248.94743186983	5248.94743186983	5213.712729930922	5213.715901036492	5213.715901036492	5213.715901036492
8816.08158815428	9241.274911368933	9241.274911368933	9241.274911368933	9935.674136202548	9935.674794895818	9935.674794895818	9935.674794895818
4121.303966601578	3717.8578111475317	3579.371578739854	3579.371578739854	3307.35453987768	3267.110846233738	3267.090018850352	3267.0954484760946
2298.0900836651017	1955.7989015226433	2165.4730732360463	2165.4730732360463	2131.4027020722056	2151.1330745218256	2151.133087171877	2151.1331042761076
7843.082960327722	8156.069652432494	8246.479963486629	8246.479963486629	8171.015751873807	8171.383697798599	8171.383697820711	8171.383697850609
5275.45622771211	5630.920321664832	5356.2956144102445	5356.2956144102445	5463.997352349295	5463.8323829618075	5463.8323829618075	5463.802215602734
6875.405836617672	7008.473242144729	7163.278966645812	7163.278966645812	7201.046782310432	7289.032034475266	7289.0320345582395	7289.0320346704275
1671.7170669019592	885.6825494479101	824.4801437679129	824.4801437679129	819.2071058389586	788.8648443306128	788.8648443306154	788.8648443306214
4517.164145812865	4105.98479861801	4105.98479861801	4105.98479861801	4105.98479861801	4105.98479861801	4105.98479861801	4105.98479861801
5702.726816730884	5880.146189006883	6098.26678631596	6098.26678631596	6098.268008343471	6098.265635240422	6098.265639922024	6098.2656462520745
3816.4581250922756	3932.122273222787	3813.899048143897	3813.899048143897	3958.5502257955445	3947.125625559415	3947.1256255387134	3947.1256255107214
9669.416838495177	9671.835165952652	9672.114518370316	9672.114518370316	9609.825789411956	9609.82578941196	9609.82578941196	9609.82578941196
6966.821401444686	6807.121744338803	6764.922615389626	6764.922615389626	6764.916773573333	6764.914985104272	6764.914985104272	6764.914985104272
5858.926033495023	6414.459949849497	6414.459949849497	6414.459949849497	6241.169313092418	6241.166101088933	6241.166101088933	6241.166101088933
1999.2133517075708	1666.3219926275528	1468.4973928176298	1468.4973928176298	1463.5966649305533	1455.3257412359785	1455.3257412359785	1455.3257412359785
7841.120968905505	8561.235107786315	8584.662193755868	8584.662193755868	8653.02285436399	8651.279913773467	8651.279913773467	8651.279913773467
1420.894727830887	1130.0602307822746	1010.934118181449	1010.934118181449	1004.5305547006831	995.4333679085383	995.4318173299661	995.4297207807336
223.0183555313697	107.4	107.4	107.4	107.4	107.4	107.4	107.4
8073.904636283603	8706.142782445553	8768.766148853605	8768.766148853605	8651.484548012959	8617.593376310391	8617.593376310391	8617.59337631039
4713.373101324471	4045.0244702328296	3880.0713978738704	3880.0713978738704	3791.266823813256	3791.26416697319	3791.26416697319	3791.268828948022
2725.9778057080543	1876.1369613461902	1751.055980993334	1751.055980993334	1760.9604554844698	1727.2440431138398	1727.2440431138398	1727.2440431138398
9020.206138731684	8977.424495390811	8855.801231522462	8855.801231522462	8692.205983039472	8651.576262171156	8651.576262171156	8651.576262171156
1369.000061179474	776.6809695551699	785.9342504281185	785.9342504281185	678.291787621169	626.5510376740307	626.5510376740307	626.5510376740307
4965.823738865543	4588.312898064611	4561.573960886591	4561.573960886591	4680.185540006718	4680.185540006718	4680.185540006718	4680.185540006718
5993.830301355719	5520.791850497521	5520.791850497521	5520.791850497521	5520.791850497521	5520.791850497521	5520.791850497521	5520.791850497521
4600.629047064248	4816.6777400739375	4856.709678178116	4856.709678178116	4757.514574581245	4741.924366435683	4741.924366435683	4741.924366435683
10201.371773842624	10732.90518072638	10755.616518062672	10755.616518062672	10855.123527007023	10859.202343753772	10859.202343753772	10859.202343753772
4582.490457125521	4651.18303751733	4463.20299760459	4463.20299760459	4248.58372124225	4155.722109674165	4155.722109674165	4155.722109674165
1926.3716199730252	1449.6938981442188	1449.6938981442188	1449.6938981442188	1297.6698337591843	1237.1016351000599	1237.1016351000599	1237.1016351000599
7631.784693173663	7904.823755790662	7898.017717801202	7898.017717801202	7924.710976939081	7924.710976939081	7924.710976939081	7924.710976939081
6001.210959531437	6422.843421786437	6455.103679200295	6455.103679200295	6455.3315209543125	6455.3384882857445	6455.3367761449845	6455.333169831365
3043.2491723109392	2115.752933166153	2115.752933166153	2115.752933166153	2559.9379779247806	2559.9379779247806	2559.9379779247806	2559.9379779247806
6990.3287440211325	6602.313465675802	6711.471560947809	6711.471560947809	6648.377113523712	6648.894360671988	6648.894360671988	6648.894360671988
2347.5702165627135	2125.5558885406726	2125.5558885406726	2125.5558885406726	1868.3430916319267	1828.955204924238	1828.955204924238	1828.955204924238
8598.353762011599	8968.955744487002	9531.54235291292	9531.54235291292	9531.465134903696	9531.465494013755	9531.465494013755	9531.465494013755
10736.028836929683	10968.033928633802	11000.069746036512	11000.069746036512	11035.632146835056	11040.958039476222	11040.958039476222	11040.958039476222
5769.2578075003685	5101.8934315275	5158.566430460326	5158.566430460326	5158.57550203539	5158.562617958289	5158.565679644559	5158.565679644559
7125.426258385651	7276.468358826415	7243.643787183338	7243.643787183338	7314.919639290554	7314.919639290554	7314.919639290554	7314.919639290554
6153.754443754493	6266.418526359813	6266.418526359813	6266.418526359813	5933.653317605743	5957.0203731562415	5957.0203731562415	5957.0203731562415
11630.801972983134	11901.5	11901.5	11901.5	11901.5	11901.5	11901.5	11901.5
9618.38476162494	9821.08886703115	9775.430463365361	9775.430463365361	9756.47178836267	9740.97624766934	9740.97624766934	9740.97624766934
9627.05945939297	9607.28092761419	9558.955339578031	9558.955339578031	9557.623455770305	9549.688257465488	9549.688257465488	9549.688257465488
3609.6238833070247	3447.310430106151	3447.310430106151	3447.310430106151	3054.3524369945962	3057.7975185416635	3057.7975185416635	3057.7975185416635
6736.766539289114	6579.0457948750345	6499.080807076993	6499.080807076993	6543.53491139527	6576.526973528905	6576.526973528905	6576.526973528905
8926.481010563126	8606.28803962196	8662.885906201285	8662.885906201285	8654.49692847647	8644.386320187903	8644.386320187903	8644.386320187903
11114.872308803067	11466.39074821338	11482.996094108254	11482.996094108254	11454.498303630086	11441.276656445505	11441.276656445505	11441.276656445505
3566.7546535997167	2837.145553192444	2837.145553192444	2837.145553192444	3266.102636700323	3266.102636700323	3266.102636700323	3266.102636700323
3975.4787039677385	3801.5598855484727	3680.599247221238	3680.599247221238	3137.2840564235257	2918.312039414177	2918.312039414177	2918.312039414177
4856.958749659528	4233.119883144338	4233.119883144338	4233.119883144338	4534.273267220226	4534.273267220226	4534.273267220226	4534.273267220226
4766.002364334344	5437.944580629931	5437.944580629931	5437.944580629931	6130.881535260552	6133.770201308484	6133.770201308484	6133.770201308484
5321.312614725405	4992.49632840284	4992.49632840284	4992.49632840284	5153.540124555155	5125.904328214155	5125.904328214155	5125.904328214155
8159.305549068915	8594.421266094441	8516.817382103192	8516.817382103192	8885.470655290743	8885.470655290743	8885.470655290743	8885.470655290743
8335.10995738511	8563.82360780105	8563.82360780105	8563.82360780105	8654.10486845378	8654.10486845378	8654.10486845378	8654.10486845378
7346.365760616497	7409.761010836272	7409.761010836272	7409.761010836272	7617.171160163703	7617.171160163703	7617.171160163703	7617.171160163703
9550.556349114702	9543.142206339768	10186.208834520774	10186.208834520774	9926.977457975809	9936.677924728308	9936.677924728308	9936.677924728308
5593.301475436897	4988.552763207614	4744.3609539161325	4744.3609539161325	4227.070708623377	4222.657525295829	4222.657525295829	4222.657525295829
2997.3290552937747	2953.108988833609	2772.075379548688	2772.075379548688	2661.9601504348875	2532.5038392649926	2532.5038392649926	2532.5038392649926
5463.117577380309	5600.999159463217	5672.76696439588	5672.76696439588	5634.448387230554	5611.5085808391195	5611.5085808391195	5611.5085808391195
783.6097476077985	126.86613897816434	126.86617749821966	126.86617749821966	126.86619543119896	126.86631928951952	126.86631928951952	126.86631928951952
7767.270024973649	7512.591162140058	7533.180359755379	7533.180359755379	7570.365258142868	7577.881008338257	7577.881008338257	7577.881008338257
9850.39020082756	10031.001008572517	9983.905019533322	9983.905019533322	9944.758989296308	9922.767249408362	9922.767249408362	9922.767249408362
10022.472377677606	10441.841659919157	10515.99768251764	10515.99768251764	10727.684539441512	10767.07054555199	10767.07054555199	10767.07054555199
6040.5041662193735	5819.643032428368	5691.443219118937	5691.443219118937	5753.617345909322	5733.235630605388	5733.235630605388	5733.235630605388
6008.993039092066	5793.772199183726	5633.71824768485	5633.71824768485	5319.369396601216	5319.369396601216	5319.369396601216	5319.369396601216
4925.789475559635	5567.554143183255	5591.93490225933	5591.93490225933	5319.399625363899	5287.996816338091	5287.996816338091	5287.996816338091
10402.520024381745	11201.10380390456	11236.975299186597	11236.975299186597	11234.831135732766	11231.12956667354	11231.12956667354	11231.12956667354
6621.907765680099	6102.668682871919	6198.233458845799	6198.233458845799	6160.266562045395	6160.266562045395	6160.266562045395	6160.266562045395
9634.17476641845	10073.54481195715	10130.66441617821	10130.66441617821	10676.34985676829	10680.36519050118	10680.36519050118	10680.36519050118
8103.582202861902	8669.606582450459	8925.322275816423	8925.322275816423	8925.324350370687	8925.315194955858	8925.315194955858	8925.315194955858
6896.30919163483	7104.51937111802	7220.679074396252	7220.679074396252	7132.801890324551	7120.466037350537	7120.466037350537	7120.466037350537
10801.757024335742	10904.427414248414	10984.733374920432	10984.733374920432	11151.825233450572	11211.763884708416	11211.763884708416	11211.763884708416
7109.779411425664	7647.299900996267	7660.203521174359	7660.203521174359	7598.029834552404	7570.04132412803	7570.04132412803	7570.04132412803
6640.940285926255	7398.905246331108	7398.919875924702	7398.919875924702	7398.920337476358	7398.920337476358	7398.920337476358	7398.920337476358
10201.686185143068	10465.064631027799	10498.712649302299	10498.712649302299	10498.686761925606	10498.686605772853	10498.686605772853	10498.686605772853
5503.110363842464	6137.221286186041	6147.532667830272	6147.532667830272	6158.671357607047	6148.8530785081875	6148.8530785081875	6148.8530785081875
7550.947863167022	7643.0610766105265	7643.0610766105265	7643.0610766105265	7597.775396650913	7597.775396650913	7597.775396650913	7597.775396650913
10054.12612504671	9987.317830379883	10045.59600584357	10045.59600584357	10323.726662123641	10337.322265249744	10337.322265249744	10337.322265249744
4022.4140184627886	4097.191677341024	4110.379112193721	4110.379112193721	3634.783525674061	3634.783525674061	3634.783525674061	3634.783525674061
5651.665563041105	6490.296207127788	6490.296207127788	6490.296207127788	6490.329531414101	6490.320376895885	6490.320376895885	6490.320376895885
4163.895457092294	3528.1881763924694	3528.1881763924694	3528.1881763924694	3910.3908075804425	3910.3908075804425	3910.3908075804425	3910.3908075804425
8225.087653419398	8558.450431255147	8988.720608975214	8988.720608975214	9176.385267692418	9176.385267692418	9176.385267692418	9176.385267692418
6789.242909964015	6573.147682096964	6501.260390604986	6501.260390604986	6457.1387453534935	6457.1387453534935	6457.1387453534935	6457.1387453534935
4391.513771783189	4663.92254544905	4663.92254544905	4663.92254544905	4200.923766470029	4200.923766470029	4200.923766470029	4200.923766470029
9337.560979435364	10243.357903435031	9921.661770933912	9921.661770933912	10077.53329598983	10100.637692564895	10100.641666317635	10100.634547562106
8410.855654338233	8292.74412819747	8019.467693993175	8019.467693993175	7946.999274974352	7951.919183212715	7951.919183212715	7951.919183212715
2029.5664642887346	1304.4155701893121	1216.849434792743	1216.849434792743	1289.939660359817	1289.5832821580395	1289.5832821580395	1289.5832821580395
9179.339415964725	9412.817262413251	9197.14592324387	9197.14592324387	9161.96143933855	9162.016929826439	9162.016929826439	9162.026784585849
3434.545934615577	2415.9358994106037	2265.996126447749	2265.996126447749	2229.41545267295	2144.195808466426	2144.195808466426	2144.195808466426
9167.084846768825	9346.463119592867	9327.081809311589	9327.081809311589	9325.411965129597	9315.803311465397	9315.803311465397	9315.803311465397
6269.969873929287	6548.261577827178	6548.261577827178	6548.261577827178	6401.066914510297	6401.066914510297	6401.066914510297	6401.066914510297
4307.090881444333	3508.765643985881	3297.4900271604215	3297.4900271604215	3297.521742099013	3297.504577394344	3297.504577394344	3297.504577394344
8637.718364006776	9427.711137621936	9253.691609520552	9253.691609520552	9704.38436419745	9710.930912472117	9710.930912472117	9710.930912472117
3290.2892974858028	2791.549532048941	2791.549532048941	2791.549532048941	2458.463944015537	2458.463944015537	2458.463944015537	2458.463944015537
8209.132992306426	8361.699416683958	8399.726303051548	8399.726303051548	8399.731250266956	8399.731250266956	8399.731250266956	8399.731250266956
6556.035815861007	6652.5444735138135	6652.5444735138135	6652.5444735138135	6646.508950622293	6646.508950622293	6646.508950622293	6646.508950622293
7533.086751262757	7590.127174410398	7781.665421287694	7781.665421287694	7786.449148967547	7794.45999215973	7794.45999215973	7794.45999215973
11540.799549852554	11413.33909176738	11442.478481645621	11442.478481645621	11527.507748916907	11584.560139083476	11584.560139083476	11584.560139083476
8293.66139353807	8109.632538064045	8224.877651862405	8224.877651862405	8231.079876844637	8239.894511126851	8239.894511126851	8239.894511126851
9012.690401958167	9100.035492253639	9100.03549225364	9100.03549225364	9100.03549225364	9100.03549225364	9100.03549225364	9100.03549225364
1451.2417195798907	771.6469333034505	710.9936060674336	710.9936060674336	824.5856999226207	857.4107051178689	857.4107051178689	857.4107051178689
