9099.499042338784	9361.514205122943	9361.506895407425	9361.506878032835	9361.50859724117	9361.508097952932	9361.517301250686	9361.517301250686
6212.203170314674	6899.913699734227	6764.921963094059	6764.921905569974	6764.917616308124	6764.911707217357	6764.92150983841	6764.92150983841
5555.409026362808	6581.670652779279	6537.9802521536985	6537.9802521536985	7367.388653721218	7377.556450046746	7377.556521184028	7377.556521184028
6953.030133626342	8208.305833622417	8204.096122762381	8204.096122740151	8348.357340014345	8280.493428214939	8334.606640023632	8334.606640023632
8628.733603858786	9533.22312601445	9533.17258518949	9533.17258518949	9508.541333162439	9470.558095078859	9465.226240905115	9465.226240905115
3251.9100800233455	3137.0986091772043	3116.886825631326	3116.886825883236	3138.173516655527	3151.151103995296	3151.513045671766	3151.513045671766
8566.291594151739	8549.08953236632	8549.08953236632	8549.08953236632	8502.45277377018	8404.55655457098	8305.682727486696	8305.682727486696
6352.151328520464	7660.4162917149015	7705.213851104405	7705.213849797793	7490.694646288814	7441.31445293752	7292.019112564424	7292.019112564424
5693.649981226372	6184.420954009533	5799.678232262847	5799.678237070361	5799.678243169837	5805.769417951782	5784.887175115915	5784.887175115915
7806.266776140081	8852.086974381451	9112.318473669387	9112.318468678433	9260.513447397356	9430.849190031628	9613.748734953124	9613.748734953124
5290.567375726593	5675.6084653095595	5747.44929200379	5747.449804109575	5749.813965683477	5868.242714227496	6053.675537975659	6053.675537975659
5733.727232441301	5794.752190711338	5548.063081554917	5548.063612190284	5481.533914355016	5361.798568057561	5326.435037825297	5326.435037825297
7534.387373672778	8395.402076237904	8450.29388454659	8450.294205135251	8450.293075445697	8450.278332414591	8450.268131002644	8450.268131002644
7745.39698597264	8371.528955951075	8371.528955951075	8371.528955951075	8369.822491429586	8465.812134598878	8650.86539773215	8650.86539773215
8971.937015339037	10126.533750962788	10116.436399073064	10116.436399073064	10082.648803856384	10065.365533849812	10046.738872188214	10046.738872188214
6463.218747439352	7455.208883172911	7452.545043646098	7452.545048064009	7683.788307042402	7705.14145383343	7708.288046396476	7708.288046396476
6604.120298165462	6399.964887436314	6616.59336148279	6616.59336242231	6507.9151747113965	6550.266772895348	6564.629014607386	6564.629014607386
5025.902446648291	5068.623319518385	5034.796212850027	5034.796211946336	4986.328718336076	4986.328718336076	4900.026002978612	4900.026002978612
4931.639234094253	4684.72401263409	4534.591558159454	4534.591558159454	4534.591558159454	4589.423006867104	4561.132708372333	4561.132708372333
8503.76168584752	8953.73465735903	8953.73465735903	8953.73465735903	8953.73465735903	8953.73465735903	8953.73465735903	8953.73465735903
3049.06747835884	2321.68162678906	2321.68162678906	2321.68162678906	2166.698294749508	2166.698294749508	2147.7063669350077	2147.7063669350077
5468.511278608244	5306.284275030083	5561.613569035907	5561.613569035907	5588.387598976868	5588.382957008096	5553.926504250373	5553.926504250373
3990.910026317395	3663.8332828507637	3646.5737546458304	3646.573743353969	3640.593839961578	3639.1897411492446	3620.166738367089	3620.166738367089
3644.3444746623727	3470.159080398327	3422.7361072818767	3422.73623220484	3444.3522570759233	3388.0896252953066	3403.548856437777	3403.548856437777
6086.673429328917	6485.102515578269	6424.902263599014	6424.902263599014	6424.902263599014	6424.902263599014	6261.549832207108	6261.549832207108
7677.57112913484	8582.58955854381	8582.59633773771	8582.596315862767	8651.6124897505	8617.971819657636	8639.894530536349	8639.894530536349
9014.540844195426	10007.74995427206	10001.970273097822	10001.970273097822	9973.734781482528	9963.246769511232	9949.331738672226	9949.331738672226
1992.4792623383128	809.3644149629265	791.3791136923987	791.3791137472209	763.5362809102919	745.6119159379474	635.0025712523658	635.0025712523658
5637.476128554867	6102.810976889723	6165.210365504474	6165.210364103924	6189.257713095046	6211.53174667459	6182.484989406315	6182.484989406315
3046.5554662965474	2269.7527358381003	2147.0344334099377	2147.0344335387244	2072.162569821412	2057.9039607459667	2065.8496754081243	2065.8496754081243
2778.8840817884193	2619.1396356504515	2577.2463087244137	2577.246310052962	2579.838293671825	2601.039654189769	2615.9102642880553	2615.9102642880553
9729.049965732302	9773.762071034484	9771.844081759213	9771.844081759213	9751.778143629888	9758.598169416888	9758.153484006818	9758.153484006818
6139.559632159372	5506.997590010427	5365.392337553691	5365.392337553691	5137.387806961795	5144.790745397094	5138.278058398602	5138.278058398602
7934.596780428829	8137.773853368323	8213.451896331177	8213.451896331177	8208.42454552993	8180.099021631093	8145.339820061524	8145.339820061524
7571.549897737313	7663.50712844399	7677.775457893791	7677.775433796817	7755.264145989043	7757.142713985012	7793.149019352844	7793.149019352844
6703.470278041817	6688.1611424923585	6780.257056619452	6780.257056619452	6738.005823561677	6738.006612329536	6476.798900362399	6476.798900362399
1653.4830496269556	1090.6065694992405	1010.5613789859837	1010.5613789994346	1020.4216859794811	1020.1018670046599	1024.8634738475525	1024.8634738475525
9577.364212779892	10246.756800537582	10233.145346144727	10233.145346144727	10193.393388588293	10168.968564389525	10146.688143495689	10146.688143495689
6879.838663859338	7688.890829905711	7362.60857830539	7362.60857830539	7362.60857830539	7362.60857830539	7085.190888843882	7085.190888843882
7381.6086876646	7195.74762370509	7345.260123390674	7345.260123390674	6909.106052041823	6953.354802566816	6972.66362785353	6972.66362785353
1287.0230429229637	603.1255599408145	558.9099259588422	558.9099264719512	579.2779593034321	598.1070622191495	629.5202640660478	629.5202640660478
5981.929324454107	7829.723728912963	7827.629593484758	7827.629593484758	8009.885691915772	8043.870387064734	8164.238212528283	8164.238212528283
9310.453491356238	9891.108744367875	9887.412913749356	9887.412913749356	9864.021431828342	9860.8577692258	9847.085814191672	9847.085814191672
5087.305651913998	4902.413536094292	4792.945177721497	4792.945177721497	4792.945177721497	4792.945177721497	4703.4034861392	4703.4034861392
6300.236824246505	6937.699960807957	7012.80500802864	7012.80500802864	7178.044480945579	7271.504015361616	7300.590212341468	7300.590212341468
6607.0158736595695	7052.4519526318945	7048.305674357707	7048.305462279808	7048.304124848088	7048.3170783432415	7048.31697215799	7048.31697215799
7237.69927616566	7003.271783458364	7185.609112151698	7185.609112151698	6959.823549654678	6959.823549654678	6982.427299271273	6982.427299271273
8445.580529894947	8473.503796943827	8473.503796943827	8473.503796943827	8417.710771497186	8463.730390676652	8463.730390676652	8463.730390676652
7191.341832631098	7562.007557253003	7669.2643924696595	7669.26449990823	7731.670352360276	7759.401807233813	7764.669615388726	7764.669615388726
4560.735456858365	5307.932061007275	5349.832200429711	5349.832187859271	5496.51229751547	5646.467516031369	5628.984971032143	5628.984971032143
3591.4358286781708	3053.7150279988064	2822.1771925848366	2822.177178311479	2689.0560405034516	2660.7247540541375	2635.403143625094	2635.403143625094
2272.0538298179385	1591.8628373131262	1468.503838457009	1468.4913913162407	1468.4826025187283	1468.4779239622	1468.4029489451696	1468.4029489451696
900.6180125332385	107.4	107.4	107.4	107.4	107.4	107.4	107.4
4527.455272414808	4195.455383654395	4176.779003212804	4176.779024124308	4147.571032815469	4136.948597151617	4124.5731234077275	4124.5731234077275
8286.584328106459	8297.110146081935	8297.134115679943	8297.134115647093	8297.134625074883	8297.134622794598	8297.13179834842	8297.13179834842
8131.695192192974	8917.52038144535	8453.891206068476	8453.891206068476	8420.363217846147	8420.363217846147	8555.859112904584	8555.859112904584
4585.871456491911	4554.941239473828	4524.068338121643	4524.0683400048065	4524.0683423940945	4524.068142380982	4524.0756119718635	4524.0756119718635
4283.926304606184	4505.680201347039	4544.912843442301	4544.912843442301	4544.912843442301	4648.157821547683	4640.971321513363	4640.971321513363
9337.858056703568	9426.118770270645	9426.49770405028	9426.49770405028	9418.407378238613	9401.17016920873	9390.775397300178	9390.775397300178
4683.191477271651	5544.64505748355	5651.504572535229	5651.504573233403	5521.29823153324	5085.239335658761	5068.74228304324	5068.74228304324
4120.027823009458	3815.1165744417544	3515.533899641838	3515.533887208302	3323.7224323304526	3263.2634778322513	3150.781553040012	3150.781553040012
2575.7022327654854	2112.1545348294744	2047.7715596939274	2047.7715599547062	2103.5770593723228	2135.651372419596	2143.0082815151127	2143.0082815151127
5695.455538918344	5230.588216354232	5269.5515136032955	5269.5515136032955	5221.4686537489315	5221.4686537489315	5151.431774471386	5151.431774471386
6090.4592496413325	5848.437759637171	6098.269897420867	6098.26990678041	6098.265688652592	6098.26677461185	6098.2566863594575	6098.2566863594575
2492.5655482775464	1512.2453374126628	1459.0720268879184	1459.0719968888557	1437.433580089365	1449.2486023785268	1486.2934001188244	1486.2934001188244
4088.5877780286964	4367.3952380468645	4446.349458860568	4446.349466164923	4484.098399675661	4638.509652816581	4669.287862308285	4669.287862308285
7075.117236193563	6907.090738047238	6355.152721365002	6355.152721365002	6321.921458549768	6357.158363761519	6164.864083745979	6164.864083745979
6850.465645911741	6865.166653984217	7086.561340147008	7086.561340147008	6959.2266930494725	6948.483112234936	6959.470236975121	6959.470236975121
7946.850401065807	8650.757175469995	8650.757175469995	8650.757175469995	8685.076902207706	9564.421674931833	9564.362765970098	9564.362765970098
4624.704916729192	4736.662554029458	4729.949660990338	4729.949660655917	4670.773596127197	4670.67335000848	4682.1045717492325	4682.1045717492325
5475.335689535251	6870.42839856815	6922.600848651694	6922.600821808502	6824.232812567319	6800.664784476438	6742.1192697699025	6742.1192697699025
8528.815287717578	8694.703994690448	8745.086534353344	8745.086534353344	8682.017602096112	8615.870368344576	8559.941246864797	8559.941246864797
3478.6264866174183	3313.002208955488	3313.002208955488	3313.002208955488	3395.9883483123576	3814.706552478289	3750.206154643914	3750.206154643914
7545.256193383273	8219.884642494071	8345.809730410745	8345.809730410745	8345.809730410745	8446.007127023926	8633.673499958488	8633.673499958488
8543.44729491034	9671.233002277922	9836.114323744243	9836.114341857849	9886.543080706111	9950.134419412534	10010.046861413724	10010.046861413724
6450.3917614956135	7005.535932486817	7148.0765793438995	7148.07658619393	7311.613336114188	7346.900844869245	7368.118101000384	7368.118101000384
4026.1582351545826	3631.7373280413117	3631.7373280413117	3631.7373280413117	3550.795328924226	3550.795328924226	3468.4603316929256	3468.4603316929256
2759.47612761725	2363.759210564645	2363.759210564645	2363.759210564645	2226.924366916876	2250.5435858141996	2254.034276850984	2254.034276850984
9535.918047061536	9654.562772458155	9653.315611376329	9653.315611376329	9631.980554954609	9660.112605020742	9661.894884341104	9661.894884341104
9940.959542340095	10363.825935172026	10363.826430170458	10363.826430169007	10363.828248093725	10363.82843782181	10363.828764157215	10363.828764157215
9084.479532109794	9371.597474193793	9371.808820533104	9371.808814780581	9368.369938976117	9364.83118278757	9363.968478077155	9363.968478077155
564.1707543520624	126.86764550958009	126.8660275193493	126.8660275193493	126.86642551280129	126.86630168804963	126.84780645052253	126.84780645052253
8103.332664754763	8938.897266616788	8399.726916182957	8399.726916182957	8399.72984624304	8399.732632041572	8399.727208471448	8399.727208471448
9017.894703104766	10182.887560782228	10182.887560782228	10182.887560782228	9928.393098204728	9941.040230506007	9941.040230506007	9941.040230506007
10519.133691368059	10974.35390242738	10969.117723746887	10969.117723746887	11148.554632011124	11321.24400977071	11407.762149121801	11407.762149121801
2734.629474776208	2048.8353706063076	2048.5651062955308	2048.5651062955308	1916.8508266396643	1713.7375282299186	1685.2257282225933	1685.2257282225933
6133.172222157967	6165.630642562559	6185.207306569805	6185.207306569805	6164.589512120544	6152.019722146742	6151.669223563884	6151.669223563884
3242.0917239315027	2865.9987944498525	2865.9987944498525	2865.9987944498525	3281.7930316766765	3050.3227691421835	3088.223688506058	3088.223688506058
10653.424597972065	11491.932909070269	11506.119745839545	11506.119745839545	11438.184143562281	11422.54604356618	11375.20551275826	11375.20551275826
6722.863793464426	7216.214839588198	7190.944451117716	7190.944451117716	7190.944451117716	7199.116383463331	7172.421454595526	7172.421454595526
6037.395072261178	6259.3968949249675	6137.117950054332	6137.117950054332	6092.426340689346	6079.319601284872	6117.126005450423	6117.126005450423
8208.748201641749	9099.847404173033	9069.367525327676	9069.367525327676	9068.631720614565	9012.93315104893	8925.781487071457	8925.781487071457
7729.089498478401	8206.620715758128	8095.562011091366	8095.562011091366	8078.928012875151	7957.72436003106	7922.131516751064	7922.131516751064
6451.485788718486	6793.431076122157	6455.33424344229	6455.33424344229	6455.3339596389105	6455.327049013899	6455.310010767064	6455.310010767064
5136.298333048548	4331.078700398032	4364.079335493964	4364.079335493964	4602.788354432988	4602.788354432988	4886.646590332349	4886.646590332349
5170.2992251965015	5221.53164600786	5167.536606836286	5167.536606836286	4986.859280308927	4894.437934592781	4794.832875115639	4794.832875115639
9560.634970835234	10037.6268250885	10034.313465516929	10034.313465516929	10321.94152993541	10348.501112896944	10352.415135617754	10352.415135617754
3753.5944706004993	3005.317234282188	2795.497961509559	2795.497961509559	2900.760108777401	2859.739732839317	2845.8289371064175	2845.8289371064175
6207.6338005155485	6463.690303025538	6233.076070794484	6233.076070794484	6172.379811057942	6172.379811057942	6064.30217466635	6064.30217466635
7581.0680147633075	7934.424232767736	7837.966962930146	7837.966962930146	7837.966962930146	7854.889915391066	7793.346696180718	7793.346696180718
11659.459982769244	11901.5	11901.5	11901.5	11901.5	11901.5	11901.5	11901.5
8388.242731744518	8951.36962828848	8951.36962828848	8951.36962828848	8713.491777491521	8668.346370546993	8653.072133061909	8653.072133061909
3955.87666029297	4064.5621422314025	3817.245797628834	3817.245797628834	3791.2676371992047	3791.2698126073356	3824.6916207604268	3824.6916207604268
6290.900446606757	5655.447659668127	5672.164863021268	5672.164863021268	5677.956845888186	5679.3186956264535	5697.742061443509	5697.742061443509
8091.959453263832	8058.601514302787	8269.002066286637	8269.002066286637	8274.392128819507	8260.362461290159	8264.217524796615	8264.217524796615
6307.210311405966	6395.414395619463	6197.541766483636	6197.541766483636	6197.541766483636	6197.541766483636	6484.980305520321	6484.980305520321
11063.74456850112	11439.900469061	11439.908839518626	11439.908839518626	11525.753490452757	11610.568627884422	11659.995431428079	11659.995431428079
4637.517648901024	4586.341758535457	4555.435228016035	4555.435228016035	4404.447473323202	4348.363400117998	4273.953530033587	4273.953530033587
8557.74897391082	9322.295026132308	9316.599519348378	9316.599519348378	9307.782086198837	9302.106179766783	9267.078878626171	9267.078878626171
9852.519091902926	10998.658406714128	11018.41952688105	11018.41952688105	11026.035027977634	11033.08894128315	11023.889788607648	11023.889788607648
9317.612711078496	9784.764423222807	9745.902526936843	9745.902526936843	9722.19242960889	9717.677078022232	9720.193292152218	9720.193292152218
6630.209842014759	6667.313685920716	6707.890587394998	6707.890587394998	6705.380056436592	6684.844907972156	6670.441657056171	6670.441657056171
3463.4756113890594	3335.1042877405716	3324.847944477857	3324.847944477857	3217.5464324223376	3254.0161490177275	3251.6382181093177	3251.6382181093177
5136.066690679961	4940.871231130964	4438.170625313178	4438.170625313178	4228.15816580244	4220.987551615105	4227.186436678336	4227.186436678336
2287.604363320305	1322.1358102743409	1248.8384874428252	1248.8384874428252	1253.7076851683414	1281.1421296699943	1314.807857785979	1314.807857785979
7587.168139742196	7696.8291913500225	7690.1199372563815	7690.1199372563815	7653.683039830434	7652.799687374318	7635.868196858341	7635.868196858341
5510.037600566662	5624.159372937535	5378.682699250687	5378.682699250687	5322.411165740036	5322.411165740036	5572.369477370117	5572.369477370117
8098.04571153355	8147.71051313581	8225.238670224486	8225.238670224486	8215.688422084542	8215.998180143955	8211.387287066667	8211.387287066667
5670.04511242237	5864.417860964612	5791.6313494038395	5791.6313494038395	5579.059919875777	5448.44950179677	5329.306163681534	5329.306163681534
6674.5310349107385	6144.941774042359	6563.340140379651	6563.340140379651	6563.340140379651	6563.340140379651	5784.810839340345	5784.810839340345
3299.8732111370186	3315.7532281019126	3163.676301608703	3163.676301608703	2512.179717087275	2469.3218217087715	2450.6211265978377	2450.6211265978377
8466.959729957445	8619.862606957626	8662.68787236339	8662.68787236339	8642.96031602803	8624.72328898741	8594.297888385667	8594.297888385667
10230.181099216745	10503.460867809239	10500.856112395757	10500.856112395757	10727.55231963912	10769.826577089303	10992.877469408635	10992.877469408635
4083.0729333480504	3962.609236784385	3942.8459836978736	3942.8459836978736	3817.7613914485305	3800.843793625033	3736.6233485246407	3736.6233485246407
7073.8788267110585	7178.957776945005	6984.054276980708	6984.054276980708	6913.491260626844	6904.786430618136	6823.85860257282	6823.85860257282
7079.329306288266	7547.607032414777	7612.642818976341	7612.642818976341	7819.531595935043	7936.547998533894	7928.739121360748	7928.739121360748
8595.407617827865	9536.664337009335	9531.465730648579	9531.465730648579	9531.465588981939	9531.469782813037	9531.469782813037	9531.469782813037
4004.881414693209	4130.86206085636	3927.132882395176	3927.132882395176	3734.263216595191	3734.263216595191	3767.088932325307	3767.088932325307
4015.1080951573786	3590.0707455855004	3590.0707455855004	3590.0707455855004	3950.9598304144506	3950.9598304144506	4104.031411266088	4104.031411266088
2438.1581453377853	1879.8006253237395	1775.9149187650032	1775.9149187650032	1715.4707785074277	1688.6140937139812	1683.5087892268057	1683.5087892268057
10474.835372920788	10746.93000164425	10760.199252924936	10760.199252924936	10806.65105011754	10854.140028781114	10848.603521167577	10848.603521167577
9698.21318421717	10033.026178756085	9959.703777731575	9959.703777731575	9917.547558459499	9908.575734692306	9900.556989770264	9900.556989770264
8072.782123499408	7662.234176190809	7781.665542743119	7781.664161942593	7781.670025674641	7781.673282813263	7781.798533769602	7781.798533769602
8786.696976535835	9100.035492253639	9100.03549225364	9100.03549225364	9100.03549225364	9100.03549225364	9100.03549225364	9100.03549225364
5363.099381213679	5140.530075844782	5158.572390962946	5158.572390962946	5186.910499628934	5197.199003299554	5209.185858558338	5209.185858558338
6968.775140660008	7398.934848683505	7398.906103933314	7398.906103933314	7398.8984525411115	7398.8984525411115	7398.8899755105485	7398.8899755105485
5548.3749512139275	5536.2303965557785	5736.062300004629	5736.062300004629	5791.227729199008	5805.620038386632	5973.874545404603	5973.874545404603
9478.286594098772	10508.46704213534	10498.714104202321	10498.714104202321	10498.714104202321	10498.686353583667	10498.67563368807	10498.67563368807
8340.936829222068	8731.588795881484	8683.143422048895	8683.143422048895	8683.143422048895	8761.620793552176	8713.175990401298	8713.175990401298
2052.949179480058	1397.0019307761158	1400.2993194550806	1400.2993194550806	1329.8992913395145	1179.9053376325585	1089.4525800155745	1089.4525800155745
8664.540422578671	9927.26261268969	10117.02714434521	10117.02714434521	10159.224889043384	10676.405946374869	10671.18155154075	10671.18155154075
10193.348578540707	10274.160380496078	9958.242129412743	9958.242129412743	10068.154146914321	10099.385052873367	10063.7647820907	10063.7647820907
7138.396384348975	7158.367690807018	7220.680193052284	7220.680193052284	7166.675634508376	7135.609199314712	7128.483467678576	7128.483467678576
5804.275236933777	5747.121389506216	5429.994656806277	5429.994656806277	5369.792301825423	5369.792301825423	5282.113107935299	5282.113107935299
3652.3737025083415	3539.472885450411	3297.482788220836	3297.482788220836	3297.504885166194	3297.49012602361	3297.487915201503	3297.487915201503
8599.804103172119	9544.880287563728	9528.041574201096	9528.041574201096	9521.189213204178	9524.926987365501	9536.661941373832	9536.661941373832
9184.589618939623	9521.412912022459	9494.39767404055	9494.39767404055	9482.066246244014	9431.58988398817	9421.566685045811	9421.566685045811
7529.312531784072	8271.75621647996	7886.569941353159	7886.569941353159	7844.954143698334	7891.623635053483	8013.793708568266	8013.793708568266
4710.07984420421	4872.331119654065	4624.341692141253	4624.341692141253	4453.381935081473	4438.957581554202	4453.65515717848	4453.65515717848
2977.18270704751	2131.339635748455	2131.339635748455	2131.339635748455	2539.681619830804	2215.66791295732	2215.3531708479163	2215.3531708479163
4766.154772599901	4616.307535930277	4622.8097602921525	4622.8097602921525	4680.139979172562	4680.177714962313	4669.153895939382	4669.153895939382
10485.69365173982	11241.753430901188	11258.27578676581	11258.27578676581	11227.12385531798	11219.653855794215	11201.119503007252	11201.119503007252
1812.8244146382767	782.7258735886605	733.9282946587249	733.9282946587249	795.0131708964267	859.0795102977927	913.249183208165	913.249183208165
8763.231305540457	9110.685357958873	9110.685357958873	9110.685357958873	9110.685357958873	9786.809478628293	9823.76994037127	9823.76994037127
5594.380690822458	5088.14872089519	5088.14872089519	5088.14872089519	5219.634607553536	5219.634607553536	5466.71965182287	5466.71965182287
6266.842881185127	6141.943303487362	6261.960506459792	6261.960506459792	6309.089805889615	6297.411120758829	6312.358089097056	6312.358089097056
3146.2519257035983	2418.7808816918086	2280.720647633276	2280.720647633276	2122.3242972476683	2088.1459673450936	2067.596686993405	2067.596686993405
6939.906518106252	7041.612380569593	7041.612380569593	7041.612380569593	7041.612380569593	7041.612380569593	7344.033107130015	7344.033107130015
7766.936385028851	8100.4989791869475	8100.4989791869475	8100.4989791869475	7970.8182473520865	7976.7079116477535	7977.579181399941	7977.579181399941
2761.4897285888806	2697.6925260395	2691.023400031313	2691.023400031313	2576.935346979123	2727.369953617647	2736.900640609619	2736.900640609619
6231.508972303572	6490.323797238065	6490.322418269301	6490.322418269301	6490.32007928625	6490.319809672113	6490.3192467388	6490.3192467388
1393.2695613081123	753.402334472333	757.5624157784483	757.5624157784483	689.8685247763806	608.9146031493183	555.6877288068052	555.6877288068052
