2002947.78341241
2002943.47581793
2002944.69207895
2002950.05737244
2002942.77814032
2002927.33621331
2002936.31381905
2002953.20381491
2002923.67695989
2002875.07820475
2002875.07820475
2002846.66375361
2002895.07427264
2002840.16006846
2002904.07094675
2002837.14967077
2002851.12907874
2002835.68017579
2002861.60904814
2002762.18806201
2002840.35850724
2002762.69971919
2002719.36657049
2002759.34072764
2002742.03548047
2002638.84651931
2002893.83027716
2002525.89828254
2002701.31766376
2002510.08322778
2002584.38482116
2002413.35472483
2002362.37633236
2002166.41715938
2002415.56921191
2001122.42077834
2003505.43940939
1998904.37261197
2003806.37162068
2006668.24799338
1990260.63891222